Output Training Algorithmus DeepSAD
random seed 1:
[0.9590801327643433, 1.0, 0.9456957658628513, 0.9949057053711903, 0.9999708415113511, 0.8403621513570916, 0.8938257056056449, 0.9809852677292398, 0.9975609756097561, 0.5756589341692789, 0.6695048880479344, 1.0, 0.9049886684597637, 0.9027003458037485, 0.7766410742181009, 0.9927806821010705, 1.0, 0.9720630697365039, 0.9272388059701493, 0.9357248281227004, 0.9400408545978166, 0.9768571501233437, 0.99638548931877, 0.9895759846254896, 0.7215606866601084, 0.9969247720402722, 0.9999999745736855, 0.9880604652832259, 0.9511465867794434, 0.6032380952380952, 0.9796254587921255, 0.5781140459277214, 0.9887323943661972, 0.9870869672613958, 0.9730078942777389, 0.6116361814203854, 1.0, 0.712280991735537, 0.987337774144003, 0.9643633751407602, 0.9555836086909534, 0.9409804091539529, 0.8688222222222223, 0.9872124756335283, 0.7295364499461352, 0.798529880100877, 0.9995437455460876]
random seed 9:
[0.9701596333175281, 1.0, 0.9379668205309699, 0.9994705035483751, 0.9999813724718639, 0.8244903749049983, 0.9083388867110936, 0.9850735859583515, 0.9939024390243902, 0.5484338557993729, 0.7967518133081047, 1.0, 0.9187774076133802, 0.902982382220364, 0.7894572406687274, 0.9764749813293503, 1.0, 0.9686503197327246, 0.916044776119403, 0.8370943800853605, 0.9422620094099524, 0.9614294758793681, 0.9930458686084427, 0.9827560718649828, 0.7414083718749961, 0.9957912489233037, 0.9998626170325193, 0.9841294911830007, 0.9429606763526949, 0.8516190476190476, 0.9886866032699366, 0.5775352805135998, 0.8328638497652582, 0.975260787778601, 0.9843014000348919, 0.578782221976351, 1.0, 0.7005123966942148, 0.9937370203470255, 0.9866002666356023, 0.9745976559535883, 0.8045711974110032, 0.8920222222222223, 0.9902923976608187, 0.7015290410290064, 0.743392167863467, 0.9994625767846822]
random seed 21:
[0.9833096254148885, 1.0, 0.9451803739692626, 0.9906861096428093, 0.9999832068226864, 0.8248469563044633, 0.9040379589703385, 0.976423843056833, 0.9841463414634146, 0.6366445141065831, 0.705928729107537, 1.0, 0.9568752967659111, 0.9100352390614915, 0.8017083790341343, 0.9874284291760019, 1.0, 0.9690632133516759, 0.9645522388059702, 0.9844892037928642, 0.9463291557832698, 0.9730874578424903, 0.9641122369902473, 0.9760799364759761, 0.7109370937741245, 0.9953538019945053, 0.9999998325900692, 0.9812649765922644, 0.9511921012648934, 0.7049523809523809, 0.9917730230230231, 0.5759621184640752, 0.9990610328638498, 0.9871591707993692, 0.98840119068388, 0.6194687162274093, 1.0, 0.7324710743801652, 0.9948525046636962, 0.9828110640831489, 0.9621570101796091, 0.9259419787332408, 0.8748666666666667, 0.984561403508772, 0.691987932513455, 0.7927892293451206, 0.9994788441439236]
random seed 53:
[0.9902323376007586, 1.0, 0.9315669226129591, 0.9966990724151138, 0.9999604052241422, 0.8101789674235562, 0.8778390010453416, 0.9739094048283246, 0.924390243902439, 0.5957768025078369, 0.7470829391359193, 1.0, 0.9519848406782149, 0.9019063118613164, 0.8004686409412703, 0.9941498630819019, 1.0, 0.9811892470029782, 0.9533582089552238, 0.8086937325231799, 0.9346151149454157, 0.9775085586604542, 0.9871035662587181, 0.9784372927937284, 0.7847186186055853, 0.9965212226494143, 0.9999999973083674, 0.9948727829310688, 0.9439054429743804, 0.88, 0.9847972972972973, 0.5792051722234723, 0.7427230046948357, 0.9857341009709477, 0.9588657972784369, 0.6457544597069322, 1.0, 0.7720661157024793, 0.9860532770520792, 0.9761613533698339, 0.9619564992446347, 0.9530021960240407, 0.8837407407407408, 0.9807797270955164, 0.7232406621439722, 0.6877845775126741, 0.9993514952983488]
random seed 100:
[0.9663505610874032, 1.0, 0.8722773600601597, 0.9943097847460692, 0.9999749631336377, 0.8027193886581088, 0.8972409512609435, 0.9701434021442467, 0.828048780487805, 0.5543924764890282, 0.6729738252917061, 1.0, 0.9537984786133431, 0.9087357742544854, 0.6927875826769035, 0.9961413990540204, 1.0, 0.9707724228635354, 0.9813432835820896, 0.7764438744402161, 0.9414096510615498, 0.9503782854302665, 0.9920340395666096, 0.9825976360629828, 0.7608912662537525, 0.9953599456195468, 0.9999958637778923, 0.989544264463827, 0.9328813881347581, 0.7405714285714287, 0.9800842509175842, 0.5715384874686912, 0.7586854460093897, 0.9582017518858424, 0.9813328681088624, 0.6593701132186192, 1.0, 0.6814628099173554, 0.9959056655194924, 0.9714337488189079, 0.9692533037165806, 0.9547907998150718, 0.8522518518518518, 0.9841325536062379, 0.6929532418491833, 0.8402167933889986, 0.9993793103251548]

PR Output:
random seed 1
[0.8571415448602681, 1.0, 0.19151453650561018, 0.9865117556615871, 0.995092687106997, 0.7851248474397822, 0.7626854604973152, 0.9533509426912313, 0.8875, 0.07556303417548393, 0.5078976731846209, 1.0, 0.6791911280877899, 0.8744207409369984, 0.5078510702975579, 0.9415687473446093, 1.0, 0.8950564039226636, 0.6871732026143791, 0.7332779359429801, 0.9425242385346353, 0.88143332200777, 0.9866244900690943, 0.8634931639593753, 0.35180554225461264, 0.989561280763629, 0.9999995910621133, 0.942609899549969, 0.9195530491354432, 0.21616066764365588, 0.9730214496081677, 0.19408998644790998, 0.8588235294117648, 0.9562319618813643, 0.8766375830466056, 0.10891785793220277, 0.9999999999999999, 0.6100767950726108, 0.9669902978065911, 0.8302363332563601, 0.928273890329496, 0.8752026289019763, 0.5805714139993458, 0.9812998554226203, 0.5546739654230178, 0.5513776034633034, 0.9974091692036823]
random seed 9
[0.8830822270263717, 1.0, 0.31091152300740943, 0.995090085977964, 0.9960937718702924, 0.7715559676251276, 0.7805376737431337, 0.9645541048060607, 0.8125, 0.07341519379970556, 0.6527366011172481, 1.0, 0.7649887676539601, 0.8726333773427024, 0.5036789949278677, 0.8966219092268113, 1.0, 0.8181598689873822, 0.6946386946386947, 0.6447280917925576, 0.9421420751780959, 0.8587984879989156, 0.9859783514422591, 0.8696960046963659, 0.3833977606079514, 0.9877950660959789, 0.9996833141565438, 0.9452309880584678, 0.9013128281997284, 0.6906217477108957, 0.9833559462907466, 0.18935839751156286, 0.33915330930286064, 0.9412254196147702, 0.9126483178497958, 0.07382504411833066, 0.9999999999999999, 0.5821080529838543, 0.9742629243961773, 0.8972359851506169, 0.9425508441225202, 0.7853147802830944, 0.6474624834591094, 0.9852426112160919, 0.5245069265037372, 0.4384984437864033, 0.9971127612753946]
random seed 21
[0.9123560429297763, 1.0, 0.2804848129764174, 0.9838591653291854, 0.9948584881403495, 0.7749732305882974, 0.7994836554756746, 0.9444987233259003, 0.75, 0.21378570870539718, 0.568152034622663, 1.0, 0.689217673199203, 0.8792058920821959, 0.45010242211838275, 0.9073568452677677, 1.0, 0.8599387489765339, 0.8791666666666667, 0.6966173188088507, 0.9458038108545188, 0.8977738838583921, 0.914993248063454, 0.8477222381852633, 0.35902175774258205, 0.9850040289429576, 0.9999975113998856, 0.8668124367935433, 0.924982655905598, 0.5284318774806755, 0.9868845483280351, 0.18834127847669904, 0.9666666666666666, 0.9687238932856668, 0.8903050936833452, 0.07863250372104247, 0.9999999999999999, 0.6203876594320407, 0.9879542476047339, 0.9266606638251093, 0.9120632593877738, 0.8732241943020048, 0.5948110390216085, 0.9799502327928016, 0.5289455049956487, 0.5232620688252906, 0.9964513130872383]
random seed 53
[0.9636004433079101, 1.0, 0.3123173150082405, 0.9892525059327343, 0.9930317657251132, 0.7409164039764882, 0.6948272022768237, 0.9459328266858238, 0.6197916666666666, 0.11261778244752946, 0.6146899072872062, 1.0, 0.06315484170762405, 0.868315990727705, 0.5987531336473677, 0.9481539401133404, 1.0, 0.8680235270329084, 0.8108333333333334, 0.6518303293303794, 0.9347878753451807, 0.8948586340456799, 0.9696265407338739, 0.8517484833273737, 0.4111480207117434, 0.9898469517360073, 0.9999999560605356, 0.9634983046170782, 0.9018152044734994, 0.5832832423484103, 0.9787118890267311, 0.19397979742647442, 0.6126897938662644, 0.9589629830447163, 0.8869639070846528, 0.12395792104622193, 1.0, 0.6310490060147955, 0.9743559915041695, 0.8284977157529879, 0.9108297860250992, 0.9180653070570575, 0.5711484973528612, 0.979562551196369, 0.563359938960867, 0.30237276544496694, 0.995122276041292]
random seed 100
[0.8630036857257243, 1.0, 0.26655830715092066, 0.9860445985626359, 0.9944892793999269, 0.7455249129889655, 0.7554426861761332, 0.9378681119016675, 0.6111596736596736, 0.10930214304384304, 0.5895443366911098, 1.0, 0.7136548940703736, 0.8795639875125214, 0.32192985710392497, 0.9582141537248358, 1.0, 0.9092179241945897, 0.9040178571428572, 0.6501424836047794, 0.9418305921404811, 0.8520686112279595, 0.9739845685020388, 0.8680641622332868, 0.4131210482767408, 0.9873522712976869, 0.9999357929509413, 0.9265149453244389, 0.8926409103816456, 0.4538483582923684, 0.9726593928876255, 0.1825866759044278, 0.6136829836829836, 0.8933386467784633, 0.9065173474587795, 0.14331772389224798, 0.9999999999999999, 0.5492924268052585, 0.9738895735313368, 0.843384709390548, 0.9304643255981856, 0.9041368495411494, 0.5588061842470694, 0.9797021454906324, 0.5259525635860376, 0.5482083339879228, 0.9937751228952321]

['40_vowels.npz', '45_wine.npz', '8_celeba.npz', '10_cover.npz', '16_http.npz', '12_fault.npz', '19_landsat.npz', '17_InternetAds.npz', '14_glass.npz', '36_speech.npz', '46_WPBC.npz', '43_WDBC.npz', '13_fraud.npz', '22_magic.gamma.npz', '41_Waveform.npz', '37_Stamps.npz', '21_Lymphography.npz', '44_Wilt.npz', '15_Hepatitis.npz', '34_smtp.npz', '35_SpamBase.npz', '27_PageBlocks.npz', '26_optdigits.npz', '2_annthyroid.npz', '5_campaign.npz', '32_shuttle.npz', '11_donors.npz', '3_backdoor.npz', '30_satellite.npz', '39_vertebral.npz', '4_breastw.npz', '9_census.npz', '42_WBC.npz', '6_cardio.npz', '31_satimage-2.npz', '1_ALOI.npz', '25_musk.npz', '29_Pima.npz', '28_pendigits.npz', '38_thyroid.npz', '24_mnist.npz', '7_Cardiotocography.npz', '20_letter.npz', '18_Ionosphere.npz', '47_yeast.npz', '23_mammography.npz', '33_skin.npz']