Output Training Algorithmus DeepSAD
random seed 1:
[0.9650387229334598, 1.0, 0.8444049736795338, 0.8378676470588236, 0.9999713107159627, 0.7964531141369378, 0.6491944632526758, 0.9311846419594741, 0.9963414634146341, 0.4839753694581281, 0.6903185115105646, 1.0, 0.9674175160941059, 0.8476834117161041, 0.7526142607490908, 0.9882997261638038, 1.0, 0.9228391195730081, 0.8544776119402985, 0.9503193658936568, 0.8292131137870404, 0.8910242242737483, 0.985929183059477, 0.8674686939393373, 0.570939000835204, 0.9852730428916031, 0.9999999930575277, 0.9767583046563896, 0.855432173437686, 0.5935238095238096, 0.9457726957726956, 0.521162099610101, 0.9943661971830986, 0.9711171180721189, 0.9834448814734928, 0.581035322767928, 1.0, 0.6374372623574145, 0.991444189959894, 0.9754966764684079, 0.9062450418382622, 0.8869016279510562, 0.8154736842105264, 0.9898255280073462, 0.6395706834891753, 0.5845722194398221, 0.9994382765052484]
random seed 9:
[0.9325430693851747, 1.0, 0.4998889382496668, 0.9644114465034799, 0.9996628991952691, 0.7586384252668619, 0.7421091550550587, 0.9569451483776207, 0.9939024390243902, 0.5477980295566502, 0.7540208136234626, 1.0, 0.9255434935099783, 0.8307546508737964, 0.7690759954028056, 0.9762260393328355, 1.0, 0.8655864874080568, 0.9253731343283582, 0.871115783276917, 0.8003738763253843, 0.9349409853948737, 0.9974229821528242, 0.7371467770595586, 0.6054935884079471, 0.989970454811773, 0.9999915096870132, 0.9445582002070335, 0.8418550662668645, 0.8462857142857142, 0.9810387310387311, 0.5227199711686447, 0.8046948356807513, 0.95085245843713, 0.9908541098352683, 0.5931989869631065, 1.0, 0.6739695817490495, 0.9767097317653929, 0.9924139464775507, 0.911450340828872, 0.8517995914327232, 0.7660280701754386, 0.9727823691460056, 0.5420875352224673, 0.47015848910286445, 0.9992942390892214]
random seed 21:
[0.9826774142563616, 1.0, 0.7999521867870893, 0.9754233623269534, 0.999965672340877, 0.7628086587621015, 0.7291717151919033, 0.9260197836827715, 0.9158536585365853, 0.6228669950738916, 0.7368338063702302, 1.0, 0.9209349926790068, 0.8227440282752044, 0.5793818977596549, 0.9830719442369928, 1.0, 0.9556037452245255, 0.9682835820895522, 0.9839703130584698, 0.8473779181287441, 0.908319224304163, 0.9707992430945995, 0.8564923600110483, 0.6415175999129775, 0.9947491033147329, 0.9999997547937687, 0.928145900362775, 0.8200565063488455, 0.7300952380952381, 0.890958265958266, 0.5210041998842021, 0.9906103286384976, 0.9817423720428968, 0.9450057095730506, 0.5768057539942154, 1.0, 0.7312015209125475, 0.9972490022824698, 0.9661901702537745, 0.8536151022026728, 0.8630602004928078, 0.7993964912280702, 0.9723048668503214, 0.49754105379913305, 0.5083358913463765, 0.9995564979711078]
random seed 53:
[0.9797060218112851, 1.0, 0.5230458246169759, 0.9961581095828861, 0.9999478318982238, 0.5854655479831061, 0.7476281582979937, 0.9584811593003653, 0.8829268292682928, 0.566408866995074, 0.7175969725638599, 1.0, 0.826660797642491, 0.8436494918157298, 0.7964041122849, 0.9930296240975852, 1.0, 0.8079676485529182, 0.9085820895522388, 0.8714988541513361, 0.8930054347412408, 0.9116449674867139, 0.9908953537443674, 0.9180623166286382, 0.4154040643779313, 0.992262850519841, 0.9998366909497522, 0.9651358377864196, 0.7759909809949592, 0.8725714285714286, 0.9493820743820743, 0.5213329476991347, 0.9586854460093897, 0.9953605059981272, 0.9640481930258622, 0.545540874000238, 1.0, 0.7262129277566539, 0.9729250138585579, 0.9618998492673404, 0.9281432106290863, 0.9107667480993198, 0.8638666666666667, 0.9744719926538109, 0.6381495512321238, 0.574911367091925, 0.9994900010108321]
random seed 100:
[0.9736842105263157, 1.0, 0.8816374699255332, 0.977909027256813, 0.9999701922537126, 0.7768954639399542, 0.748064039057767, 0.9358392205132449, 0.8414634146341464, 0.5280492610837438, 0.7193314411857459, 1.0, 0.9456401189920036, 0.8458093692547072, 0.7086260371239197, 0.9963903410505353, 1.0, 0.9285775175187714, 0.9850746268656717, 0.84728423354288, 0.8075797609170555, 0.9132918206831947, 0.9937214969301769, 0.7795329627480706, 0.5550112288446812, 0.9905395905168836, 0.9999919976436354, 0.9768319531096998, 0.8645478138970979, 0.7064761904761905, 0.9538095788095788, 0.5178972417099355, 0.7821596244131455, 0.9843112312503313, 0.9867411025819959, 0.5501772329227005, 1.0, 0.7109353612167301, 0.9868930592791183, 0.9870857940645926, 0.899945419719431, 0.81647773940147, 0.8358456140350877, 0.9786960514233242, 0.5553589123546755, 0.5351840782087806, 0.9995120372759927]

PR Output:
random seed 1
[0.8563148216292881, 1.0, 0.1570293419571224, 0.678818983776798, 0.9931789050209833, 0.7225266148172405, 0.5277123322528054, 0.8460342060958493, 0.8541666666666666, 0.052648305347590074, 0.5320795527022361, 1.0, 0.7558373522012728, 0.8217034939690411, 0.4590991576194409, 0.9229739491277952, 1.0, 0.7469663220699426, 0.6317959001782532, 0.732150196811479, 0.8260992204249014, 0.7086859791969159, 0.969016401959264, 0.5701741552670279, 0.17111941676686493, 0.9838754491529111, 0.9999998885257987, 0.9119993349634462, 0.8216762058295588, 0.23494625549618353, 0.9332720374901703, 0.09967684595084161, 0.8909090909090909, 0.9201525557722563, 0.9102706666247342, 0.09848846552720163, 1.0, 0.5557539579327623, 0.9620699251422822, 0.7750567427794445, 0.7870690901958186, 0.8260774711213403, 0.5013520512637539, 0.9851281071213256, 0.5049892397641498, 0.09905885377610327, 0.9968862729413029]
random seed 9
[0.8207638176033814, 1.0, 0.02222134560923089, 0.9037778301332264, 0.9866458855281487, 0.6739774087899253, 0.5236822675837661, 0.9016963748273669, 0.8125, 0.03710789786619707, 0.6171727649853983, 1.0, 0.7030964137722043, 0.7917899466841262, 0.47972856603927194, 0.909977435563394, 1.0, 0.733641235197842, 0.7040071770334928, 0.6558191721042311, 0.7907202781359921, 0.7615371111807339, 0.9893492769744161, 0.503220306560234, 0.19511062639926494, 0.9832625937374678, 0.9998769572391286, 0.8878150463344765, 0.8105320658881214, 0.6932796421890726, 0.9655675256524557, 0.10136953840727346, 0.3462205443079987, 0.8914917319586343, 0.9196480944247153, 0.09257059596145675, 1.0, 0.541897865919994, 0.8741872997626079, 0.8878121680455536, 0.8205361140314178, 0.7455811440976201, 0.3442982002319211, 0.9543133812003777, 0.4051275937251226, 0.18374232553967523, 0.9966744625242361]
random seed 21
[0.8944058780512256, 1.0, 0.1647169166704357, 0.9518229254368409, 0.9927681290049175, 0.6944386572634313, 0.5208376202469602, 0.831757255600295, 0.7013888888888888, 0.16523811279594572, 0.5815288174143501, 1.0, 0.6387978554343212, 0.7984766195375372, 0.18126293247219988, 0.8907348005178591, 1.0, 0.7558328554704078, 0.8771645021645021, 0.7224895050609813, 0.844404051443836, 0.6993700248682778, 0.9066957996905161, 0.6508763594265392, 0.2005804757676417, 0.9879124358458474, 0.9999958856425331, 0.8783625639340354, 0.777800762014091, 0.5191536500220773, 0.8630482610645274, 0.09869702731470993, 0.8666666666666667, 0.9477750689437092, 0.8682375355378279, 0.07788677865085619, 1.0, 0.6324975958549257, 0.9829796054201625, 0.7674898841350837, 0.6383020311679163, 0.7857629832873777, 0.42777158040169877, 0.9618377782457628, 0.3805165734120467, 0.049011927079003835, 0.9969297250333284]
random seed 53
[0.9208372277901136, 1.0, 0.04157701476559121, 0.944860590575577, 0.9905122737857467, 0.49936267708042864, 0.46207171870696584, 0.9086044675359605, 0.6143707482993197, 0.12336953501149439, 0.5706214886049902, 1.0, 0.5314143683801399, 0.8110782562817433, 0.49705391011678346, 0.9465448570457135, 1.0, 0.5297490827254229, 0.7912414965986395, 0.6434590983726223, 0.8915111213042606, 0.7476526420359118, 0.9868062868991962, 0.6979326236362285, 0.13608989156078247, 0.986383674120228, 0.9998035116360326, 0.9039130555437489, 0.7489194059587861, 0.5601390839232331, 0.9345047488310919, 0.1003348411196332, 0.6910569105691057, 0.9809990554530618, 0.8942317091875092, 0.07815406578614491, 1.0, 0.6102484802868613, 0.8669328905304367, 0.7446554687352417, 0.8367733195095256, 0.8309098220651232, 0.4965115991022027, 0.9638486506976248, 0.5080422265800476, 0.09116232965806358, 0.9972264559281924]
random seed 100
[0.8558586506676181, 1.0, 0.21838659190948762, 0.9364421338211315, 0.99340284698276, 0.6735155735750326, 0.5408843836697008, 0.8706976691200451, 0.6117424242424242, 0.15507174152471642, 0.6089407418684165, 1.0, 0.6022718192157824, 0.7920054598237558, 0.4569607136540958, 0.9621455467609311, 1.0, 0.7015428104166773, 0.9128787878787878, 0.6485765421889824, 0.8039506667836861, 0.7477710857176573, 0.9765133495170139, 0.5451556080019224, 0.16863268478954907, 0.9848940393313927, 0.9998811248830226, 0.8445489701786909, 0.8238167135188851, 0.4414504606309344, 0.9324176188990307, 0.09315365967237357, 0.4820094145336864, 0.9306346370385254, 0.915869175417152, 0.06388786352836297, 1.0, 0.587753307750514, 0.9530784029329789, 0.8047532267020444, 0.7811232216641784, 0.7517280339287408, 0.5414307318987678, 0.9624868639732054, 0.4366827440896549, 0.18421007773701953, 0.994863978943965]

['40_vowels.npz', '45_wine.npz', '8_celeba.npz', '10_cover.npz', '16_http.npz', '12_fault.npz', '19_landsat.npz', '17_InternetAds.npz', '14_glass.npz', '36_speech.npz', '46_WPBC.npz', '43_WDBC.npz', '13_fraud.npz', '22_magic.gamma.npz', '41_Waveform.npz', '37_Stamps.npz', '21_Lymphography.npz', '44_Wilt.npz', '15_Hepatitis.npz', '34_smtp.npz', '35_SpamBase.npz', '27_PageBlocks.npz', '26_optdigits.npz', '2_annthyroid.npz', '5_campaign.npz', '32_shuttle.npz', '11_donors.npz', '3_backdoor.npz', '30_satellite.npz', '39_vertebral.npz', '4_breastw.npz', '9_census.npz', '42_WBC.npz', '6_cardio.npz', '31_satimage-2.npz', '1_ALOI.npz', '25_musk.npz', '29_Pima.npz', '28_pendigits.npz', '38_thyroid.npz', '24_mnist.npz', '7_Cardiotocography.npz', '20_letter.npz', '18_Ionosphere.npz', '47_yeast.npz', '23_mammography.npz', '33_skin.npz']