Output Training Algorithmus DevNet
random seed 1:
[0.9742690058479532, 0.9798319327731092, 0.6722713587292697, 0.9788391450778708, 0.995866631839498, 0.6460657683776408, 0.37281502797476923, 0.7661901757361993, 0.8621951219512195, 0.6011182266009852, 0.6650898770104069, 1.0, 0.852307406529639, 0.8347030480476081, 0.9311680337547428, 0.8475230271346776, 0.9929577464788732, 0.6913012428411376, 0.7817164179104478, 0.8651270945903329, 0.9196115948758153, 0.803621779339515, 0.9715670392202241, 0.8252759113340445, 0.5077413805540952, 0.978135750397193, 1.0, 0.8991313590539872, 0.7117146709028386, 0.7074285714285714, 0.9905289905289905, 0.5152415030535192, 0.9943661971830986, 0.9721559689758132, 0.9514157626509337, 0.5644095187444377, 1.0, 0.7010798479087452, 0.9952545535966163, 0.9938471422570362, 0.7769783052268928, 0.9176665859360192, 0.5940491228070176, 0.49010101010101015, 0.6274472223694781, 0.9163057624404701, 0.9981447193502364]
random seed 9:
[0.9516042358147622, 1.0, 0.6536496798228337, 0.9755581220825824, 0.9962949612621852, 0.6264631879643774, 0.4443973248755687, 0.8077159121077655, 0.8621951219512196, 0.5557881773399015, 0.6176285083569852, 1.0, 0.862018805890349, 0.8448118184081155, 0.8782940000314876, 0.8391834702514315, 1.0, 0.6945992776768751, 0.7854477611940298, 0.8523539305762884, 0.9228353802415948, 0.7518495163053065, 0.9990239187551901, 0.8597779437679117, 0.4924751154117063, 0.9772515101516288, 1.0, 0.9199581409879789, 0.730154670794589, 0.5620952380952381, 0.9947928697928698, 0.5181049184829714, 0.9924882629107981, 0.974640024027844, 0.9105050857493286, 0.5290697570631046, 1.0, 0.743019011406844, 0.9418769123330315, 0.9941560206577874, 0.790004722208112, 0.7638839163490091, 0.6348842105263158, 0.3688154269972452, 0.6332785541559454, 0.8791041748567962, 0.9984354930806976]
random seed 21:
[0.96932195353248, 0.9966386554621849, 0.8247437857930378, 0.9761085616275518, 0.996650838736821, 0.5805504187969107, 0.42394263093498685, 0.6779635012084665, 0.7768292682926828, 0.6836453201970443, 0.6444339325134026, 1.0, 0.953701130650812, 0.8129283973462289, 0.8005825212147928, 0.9127458302215584, 1.0, 0.5864517442224588, 0.8190298507462686, 0.9244871013182516, 0.9274276033856764, 0.8040735386256217, 0.9881223028438406, 0.8627178407821878, 0.5338507166034335, 0.982991807944589, 1.0, 0.9071907902712886, 0.7489671173462944, 0.5388571428571429, 0.9913182413182412, 0.5866399771846039, 0.9943661971830986, 0.9814702920443102, 0.9379348262809533, 0.5546584096597151, 1.0, 0.8000988593155893, 0.9934692162467671, 0.9173966492871086, 0.8079356299695282, 0.8960206810858623, 0.5128140350877193, 0.6246464646464646, 0.5529611339697506, 0.9252974026743354, 0.9980866629671789]
random seed 53:
[0.8510352457720879, 1.0, 0.6271430473146069, 0.9690677040757107, 0.9965909274659346, 0.5601272707494833, 0.38015795944549374, 0.79146798511914, 0.5695121951219512, 0.6541995073891625, 0.5782087669504888, 1.0, 0.881028449769089, 0.840948748032512, 0.9209975282207914, 0.8986806074184716, 1.0, 0.6374971294962527, 0.8190298507462688, 0.8286029056199148, 0.9331417171574934, 0.8383427652615764, 0.9988986754155492, 0.798790465057848, 0.5021004962718858, 0.9798846009492446, 1.0, 0.9513625605013569, 0.7733148451848724, 0.5180952380952382, 0.990962115962116, 0.47126572993218363, 0.9859154929577465, 0.9806752530874012, 0.9319133413690287, 0.5353702067888043, 1.0, 0.7267908745247149, 0.9416066457949881, 0.9934703106081199, 0.7281360614693947, 0.881673441020997, 0.5379789473684211, 0.379504132231405, 0.5856920322802954, 0.913291794791706, 0.9973210616288841]
random seed 100:
[0.9485064011379802, 0.9949579831932772, 0.5911476173083541, 0.9474927207956119, 0.9961746081781672, 0.6550719119935301, 0.41894756067139444, 0.7761216672355595, 0.874390243902439, 0.6614384236453201, 0.5993377483443709, 1.0, 0.9725999747005312, 0.8488376501411223, 0.8826298471275407, 0.8427931292008962, 1.0, 0.6767725795564462, 0.9029850746268657, 0.8735121838403801, 0.9176035379099843, 0.8092018581337962, 0.9936003376124808, 0.7848877042713723, 0.45674583919172806, 0.9711946531643147, 0.9986654284846408, 0.9362948502737134, 0.7945378774757611, 0.7257142857142856, 0.9892199892199893, 0.6926058249750682, 0.9934272300469484, 0.9732619565025352, 0.9097160544735562, 0.5049305314611205, 1.0, 0.6651178707224334, 0.969269510975386, 0.9956108379253255, 0.7258734151389519, 0.9089055556725565, 0.6167859649122807, 0.4858769513314968, 0.5923674799267618, 0.920842869785468, 0.9981324468281746]

PR Output:
random seed 1
[0.741251315915169, 0.7766666666666666, 0.19562213421972816, 0.9696738175594735, 0.9818167804349629, 0.45130347410374816, 0.15794770071234354, 0.5099656149260416, 0.07787755153918502, 0.0546686966345031, 0.3198253470075075, 1.0, 0.6860581207078569, 0.7431901070810925, 0.24026418255625762, 0.3726234949965007, 0.5, 0.08305529032332921, 0.27722745016458844, 0.6677002245844098, 0.8884145435752357, 0.6222335226512974, 0.9601895060082999, 0.5153389595216712, 0.20003713496307843, 0.9648804356181175, 1.0, 0.7315937157131578, 0.712663163533078, 0.2117516349070871, 0.9780146482145936, 0.19956074558026987, 0.8392857142857142, 0.8392323039619978, 0.9068300113458458, 0.04349923342689399, 1.0, 0.5128999911664394, 0.9397571786856439, 0.8284450187797134, 0.6766450988686579, 0.7881631055889109, 0.09971426048306851, 0.5547030593562127, 0.4354299396600772, 0.527094693430555, 0.9761338148319916]
random seed 9
[0.6644180931639817, 1.0, 0.15853313391897503, 0.9391441430235604, 0.9799271619568548, 0.45335011533836034, 0.17452234807683747, 0.7458790669469787, 0.0781962386018237, 0.04509134197939739, 0.3093197039769099, 1.0, 0.7425363788058413, 0.7456222746717968, 0.11729187350453879, 0.5443845398235501, 1.0, 0.08593362089816456, 0.4670936863274325, 0.6407461378764718, 0.8969158338117595, 0.579364096848389, 0.9930485298610647, 0.5200562893223831, 0.1997330330242347, 0.9640675699171349, 1.0, 0.8713995033854742, 0.7212346986404072, 0.11228772762808667, 0.9891851763494501, 0.20937414760293518, 0.7833333333333332, 0.8784846204383508, 0.8920932828241412, 0.040718900867601764, 1.0, 0.6267371074154511, 0.9222462627141462, 0.8391649874688557, 0.6982850767872204, 0.6777750455919196, 0.1066345280210588, 0.30896446362507135, 0.41368301306989375, 0.25396670598266635, 0.9773351060437274]
random seed 21
[0.7845708365153999, 0.9266666666666665, 0.09082867978136142, 0.9665352991427322, 0.9832421583217353, 0.4192321818511336, 0.16656553837662086, 0.481711629894044, 0.050020772288627724, 0.0357553634600639, 0.352852183971988, 1.0, 0.5725019737688137, 0.723383823649167, 0.07105258881993357, 0.7302346830857618, 1.0, 0.05683196284348394, 0.41747030542986424, 0.6597488691105985, 0.9110081473921039, 0.6212803733057761, 0.9849471124376606, 0.5370769099353565, 0.18546164640522297, 0.9675688169077974, 1.0, 0.8723810720585252, 0.7413825293142527, 0.10738821063892717, 0.9816265836153176, 0.20573654486811743, 0.8909090909090909, 0.8822376039399323, 0.9171997308397867, 0.04239628128967943, 1.0, 0.645685135721202, 0.9739283863106328, 0.7473557777232911, 0.7255615196174658, 0.7460772720450919, 0.09994760833186837, 0.6055107197292008, 0.3530705584746352, 0.41730048810230197, 0.9750561069048396]
random seed 53
[0.41344786445413617, 1.0, 0.1666175073453983, 0.9293532909043419, 0.9828183510807977, 0.3906715705478405, 0.1653756085388643, 0.6855249095351812, 0.03514288438487523, 0.055865793013849405, 0.2750408465908027, 1.0, 0.4630000341079934, 0.7454720037610286, 0.17495893905199386, 0.5628268390751183, 1.0, 0.06762963689930342, 0.29871126128393566, 0.6403138196832769, 0.9136784031967293, 0.6465325554556713, 0.9938824385275716, 0.406543282811929, 0.14748821948318055, 0.9728996688227484, 1.0, 0.8749603966702988, 0.7601296495020133, 0.10342793530997195, 0.9816311398906813, 0.21597733617735634, 0.6655122655122655, 0.902156966742847, 0.8859970747493233, 0.0411656676947555, 1.0000000000000002, 0.5556880871438538, 0.9005923817513665, 0.817499287290001, 0.6890835378804655, 0.7379166696728019, 0.08147058449768306, 0.3334268914631365, 0.40333318573571497, 0.5412676425441945, 0.9678446659409028]
random seed 100
[0.648266554042466, 0.9028571428571428, 0.18515634450151885, 0.907121239364886, 0.983668000946885, 0.4712868421493043, 0.16437695831344779, 0.6042581312113248, 0.09935344827586207, 0.0942709417610578, 0.2852934027215229, 1.0, 0.707313979208074, 0.7616924476147104, 0.11383785206388286, 0.5584670015180694, 1.0, 0.08304221490087504, 0.5726043592422903, 0.34634337344224614, 0.8921010835765028, 0.5721401734276602, 0.9813370940146545, 0.40269567680855906, 0.1938923043163857, 0.965128290745039, 0.9985866848028137, 0.8558969586753334, 0.7738274352350515, 0.2609755888657328, 0.9771684193320058, 0.24954770613191024, 0.8509090909090908, 0.840767524738078, 0.8930183431629627, 0.03441472185154157, 1.0000000000000002, 0.48645419072906093, 0.942861575080707, 0.8798129267627472, 0.6130070957702545, 0.7961025810997696, 0.09177043677378934, 0.5119887918618333, 0.399523559608556, 0.5183621917708103, 0.97727908516549]

['40_vowels.npz', '45_wine.npz', '8_celeba.npz', '10_cover.npz', '16_http.npz', '12_fault.npz', '19_landsat.npz', '17_InternetAds.npz', '14_glass.npz', '36_speech.npz', '46_WPBC.npz', '43_WDBC.npz', '13_fraud.npz', '22_magic.gamma.npz', '41_Waveform.npz', '37_Stamps.npz', '21_Lymphography.npz', '44_Wilt.npz', '15_Hepatitis.npz', '34_smtp.npz', '35_SpamBase.npz', '27_PageBlocks.npz', '26_optdigits.npz', '2_annthyroid.npz', '5_campaign.npz', '32_shuttle.npz', '11_donors.npz', '3_backdoor.npz', '30_satellite.npz', '39_vertebral.npz', '4_breastw.npz', '9_census.npz', '42_WBC.npz', '6_cardio.npz', '31_satimage-2.npz', '1_ALOI.npz', '25_musk.npz', '29_Pima.npz', '28_pendigits.npz', '38_thyroid.npz', '24_mnist.npz', '7_Cardiotocography.npz', '20_letter.npz', '18_Ionosphere.npz', '47_yeast.npz', '23_mammography.npz', '33_skin.npz']