Output Training Algorithmus DevNet
random seed 1:
[0.9927137663979769, 0.9781512605042016, 0.93735856223245, 0.9987806224849562, 0.9975421956915325, 0.6482454633475967, 0.35461159022605515, 0.9223935793235519, 0.8682926829268293, 0.5305630094043887, 0.695521917376222, 1.0, 0.8979238722319761, 0.8451166131276111, 0.8452188652906572, 0.8434154841921833, 0.9929577464788732, 0.6898082359521687, 0.7873134328358209, 0.87271240249774, 0.9509593086531379, 0.8451963305175529, 0.9950432074395753, 0.813973757043064, 0.818518501701641, 0.9729273699953406, 1.0, 0.9592497859204906, 0.7341222345454448, 0.7333333333333334, 0.9937541708375042, 0.7850462272617373, 0.9953051643192489, 0.9769594710140795, 0.9716231245638521, 0.5725137868681465, 1.0, 0.7493140495867769, 0.9864293304770175, 0.9939489250443313, 0.9883853121141258, 0.9477851941747573, 0.5880370370370369, 0.46424951267056536, 0.6305541681877941, 0.9379005798945376, 0.997623723931611]
random seed 9:
[0.9458827248300933, 1.0, 0.9554592071264713, 0.9996345985333988, 0.9955283638418277, 0.7071100248826144, 0.4160268032144257, 0.9346604188971154, 0.8780487804878049, 0.5614645768025078, 0.6207820876695049, 1.0, 0.9614392503085214, 0.8487876528988139, 0.9101538870608569, 0.838436644261887, 0.9859154929577465, 0.6918623108437012, 0.7966417910447762, 0.850674263608267, 0.9444941522670953, 0.8304602201314686, 0.9857203433200276, 0.7930769168392932, 0.696967044886544, 0.9720694318486633, 1.0, 0.9655574040744329, 0.7707475053535329, 0.5784761904761905, 0.9955372038705372, 0.7935917495412297, 0.9934272300469483, 0.9791863801326265, 0.9662121641660851, 0.5802886087046493, 1.0, 0.7716033057851239, 0.9809902881034019, 0.9970941896736951, 0.9873264212247262, 0.9537274618585299, 0.7510222222222223, 0.7433528265107212, 0.5742873844596396, 0.9352769307452088, 0.9979702267185501]
random seed 21:
[0.9764185237869448, 0.9932773109243697, 0.9493001826798637, 0.9962633615525001, 0.995982835703335, 0.658540775213168, 0.4211343590748725, 0.929333730416032, 0.7853658536585366, 0.6917366771159875, 0.641595711132135, 1.0, 0.9370886796188169, 0.8352467192286928, 0.894981221125403, 0.9050286283295992, 1.0, 0.4604732308878441, 0.8134328358208955, 0.9343872337741521, 0.9439400408545977, 0.8226714264106899, 0.9863680893684841, 0.8183683233188183, 0.8730068592942594, 0.9740176204719747, 1.0, 0.9797951707764804, 0.7825305483428944, 0.5544761904761906, 0.9936603269936604, 0.7886657527241604, 0.9943661971830986, 0.9951319614661118, 0.94906882414515, 0.6034937153887006, 1.0, 0.7887768595041322, 0.9994940180040859, 0.9928163709082436, 0.9566132967262911, 0.9434451571890893, 0.47937777777777774, 0.34113060428849906, 0.5039821809719836, 0.9346083031883636, 0.997771835093176]
random seed 53:
[0.88580685949107, 1.0, 0.9471433573413057, 0.9990350717309492, 0.99853977629525, 0.647990390521702, 0.36876682346792106, 0.9251323190132243, 0.5682926829268292, 0.7060915360501567, 0.6168401135288553, 1.0, 0.9498003815673718, 0.8326686682299137, 0.8762787915046366, 0.8943241224794624, 1.0, 0.6632583259006184, 0.8283582089552239, 0.826798561907365, 0.9450807045743754, 0.8483065831971398, 0.9999239666037929, 0.7976871491722977, 0.8684051948217366, 0.9764106700258296, 1.0, 0.9927212120745972, 0.7814924584233857, 0.5038095238095238, 0.9945674841508175, 0.7325424434141397, 0.984037558685446, 0.9801288263124894, 0.9570339759246336, 0.5767602210682763, 1.0, 0.7544793388429752, 0.9974045975700189, 0.9939909913408146, 0.9536782949212328, 0.9334315765141008, 0.5826296296296297, 0.41883040935672516, 0.592453565485376, 0.9224990629824467, 0.9975474501262077]
random seed 100:
[0.942405563458195, 0.9949579831932772, 0.947848775635649, 0.999626420582477, 0.9965176096389976, 0.7152554372156459, 0.3966315497190644, 0.9140755763982086, 0.8829268292682927, 0.7194833855799373, 0.6023336486912646, 1.0, 0.8330367920457031, 0.8306181928979304, 0.8950011632931166, 0.8385611152601443, 1.0, 0.6705449061966167, 0.8880597014925373, 0.8597729327418371, 0.9389229518284106, 0.8510295601163078, 0.9855536547206503, 0.7668766876687669, 0.8842044722743239, 0.9780058674743022, 1.0, 0.9729140015690618, 0.7552041845546655, 0.7083809523809523, 0.994557057057057, 0.7074385824289795, 0.9934272300469484, 0.9512170096334721, 0.912432397069086, 0.5761858896141615, 0.9999999999999999, 0.7194214876033057, 0.9634192974561465, 0.997275398335469, 0.9584351409210168, 0.9350005779010634, 0.6394296296296297, 0.40888888888888886, 0.5799023044240731, 0.9220804371861774, 0.998064932919172]

PR Output:
random seed 1
[0.9133739472723775, 0.71, 0.2167457830055688, 0.9080929756457095, 0.9944267103202048, 0.4681252666608024, 0.13880072187909992, 0.8343925831099707, 0.08163615560640732, 0.04752964921951541, 0.387447933208956, 1.0, 0.21503908932313656, 0.763184400661715, 0.09037957654601596, 0.38531746880712464, 0.5, 0.07501474955605561, 0.2997341031495567, 0.6642906501132504, 0.9225633769964278, 0.661864576979964, 0.9924994175525809, 0.403711891753946, 0.47268281283095576, 0.9649152135540524, 1.0, 0.8769402669705778, 0.7142863683992524, 0.23191202871203354, 0.9863440984361759, 0.3341254232305647, 0.8583333333333332, 0.8647653522260634, 0.9197854893525818, 0.06549570871957533, 0.9999999999999999, 0.5767534050071814, 0.9674879567605102, 0.7954969689028982, 0.9356206498047985, 0.8354516201038574, 0.1256496686964115, 0.49506776526791396, 0.38358901952272884, 0.5783652321579725, 0.9731202306965854]
random seed 9
[0.6517581874179135, 1.0, 0.2512990898518647, 0.928413110174724, 0.9934059994996395, 0.5315029662364237, 0.1545561875973484, 0.8763811681734357, 0.08780075187969924, 0.05115070971428682, 0.3160841285823229, 1.0, 0.6501176978237633, 0.7583506678124798, 0.15410391825651498, 0.6158724609993251, 0.3333333333333333, 0.07888707564031486, 0.47108901515151513, 0.6407472572761963, 0.9117135767223044, 0.6110060618605615, 0.985582350530457, 0.3341890316971498, 0.424112833516334, 0.966542489176125, 1.0, 0.8387056693237245, 0.7444601809370051, 0.11673758407155141, 0.9900716874240498, 0.30942212030847666, 0.81, 0.883439259194749, 0.9000773870142166, 0.0439715496766766, 0.9999999999999999, 0.6088490467971979, 0.9661915540639607, 0.8866128977834856, 0.9118327846576373, 0.8571884901277587, 0.16287681147930902, 0.7628802471706333, 0.3446979726813671, 0.5094365864414816, 0.9743721962915451]
random seed 21
[0.8250076869912774, 0.8761904761904762, 0.23421958511451696, 0.9629054407754349, 0.9931081553146254, 0.5005446466317836, 0.15235143687760977, 0.8546668183579348, 0.05193716266627527, 0.06556348218212428, 0.36429562609022675, 1.0, 0.024078922654843956, 0.695490093320551, 0.12389295774997094, 0.7383603068698106, 1.0, 0.040803191268761044, 0.3862014370965778, 0.6595815527820716, 0.9119774309025914, 0.6199526130922093, 0.9845439984864481, 0.4583748054080893, 0.4758906344987751, 0.9636341128348636, 1.0, 0.9058407814713185, 0.7591634517316965, 0.11079608827639935, 0.9853697001816696, 0.3020493411131478, 0.8909090909090909, 0.9563084990335403, 0.8833127989759502, 0.06029934442415236, 0.9999999999999999, 0.6102428732699716, 0.9771465583719008, 0.8227364054883272, 0.8786330301331026, 0.8174786376170218, 0.06572186993765368, 0.26890646409054164, 0.30681809508074853, 0.5991296052726278, 0.9742666361388006]
random seed 53
[0.48787520920038496, 1.0, 0.24573395119767405, 0.8032493766836803, 0.9962483354296219, 0.4396171321751792, 0.14131671546856162, 0.8666370497459094, 0.03480570244658974, 0.11124310000641952, 0.3493538952721903, 1.0, 0.2512272890554299, 0.7242346992708705, 0.10256142663079125, 0.667274485215185, 1.0, 0.06809354600028938, 0.2985598186643078, 0.6197059126094177, 0.9099847606481839, 0.6672480841494073, 0.9978206445832346, 0.3531135462048549, 0.4725268165861622, 0.9660592320488416, 1.0, 0.9110684839037397, 0.7456801964620167, 0.10078414073216896, 0.98763438784514, 0.31111976140457004, 0.6755555555555556, 0.9057659411779861, 0.8925071692584542, 0.046357400385702165, 0.9999999999999999, 0.5753906577641681, 0.9823281387614482, 0.8198141631425344, 0.8881507206538944, 0.8014920692018264, 0.10537312176710928, 0.3115074961805035, 0.3663974390546352, 0.5723377599136331, 0.970953321085178]
random seed 100
[0.6197443476833607, 0.9028571428571428, 0.2922386228979078, 0.9419713469016135, 0.9933894892481339, 0.5279953342206876, 0.14613285101005397, 0.8486903539696057, 0.10363562091503267, 0.09332858318104033, 0.28722780246734714, 1.0, 0.6154191557792734, 0.7133184860635235, 0.12222595177902776, 0.5651852620734108, 1.0, 0.07487329263287375, 0.5537523342670402, 0.601180215310394, 0.9118354740223189, 0.5863647283896222, 0.9844868204660817, 0.2635197496611017, 0.46110565186527325, 0.9696846099970681, 1.0, 0.5976288832516794, 0.7364045409832741, 0.2199495122703874, 0.9879134210176308, 0.302771250808259, 0.8509090909090908, 0.8856624872172066, 0.8889362161715696, 0.04721004273474038, 1.0, 0.566136936077702, 0.9430641049509529, 0.8857022977250337, 0.9073426881598099, 0.7822205960877623, 0.16433791488535004, 0.3472220984690901, 0.34398656841010494, 0.5492948493607841, 0.9762397799435006]

['40_vowels.npz', '45_wine.npz', '8_celeba.npz', '10_cover.npz', '16_http.npz', '12_fault.npz', '19_landsat.npz', '17_InternetAds.npz', '14_glass.npz', '36_speech.npz', '46_WPBC.npz', '43_WDBC.npz', '13_fraud.npz', '22_magic.gamma.npz', '41_Waveform.npz', '37_Stamps.npz', '21_Lymphography.npz', '44_Wilt.npz', '15_Hepatitis.npz', '34_smtp.npz', '35_SpamBase.npz', '27_PageBlocks.npz', '26_optdigits.npz', '2_annthyroid.npz', '5_campaign.npz', '32_shuttle.npz', '11_donors.npz', '3_backdoor.npz', '30_satellite.npz', '39_vertebral.npz', '4_breastw.npz', '9_census.npz', '42_WBC.npz', '6_cardio.npz', '31_satimage-2.npz', '1_ALOI.npz', '25_musk.npz', '29_Pima.npz', '28_pendigits.npz', '38_thyroid.npz', '24_mnist.npz', '7_Cardiotocography.npz', '20_letter.npz', '18_Ionosphere.npz', '47_yeast.npz', '23_mammography.npz', '33_skin.npz']