Output Training Algorithmus DevNet
random seed 1:
[0.981349770823455, 0.9831932773109243, 0.9069221275407655, 0.9931298096343948, 0.9971161456421405, 0.6493653884069399, 0.5156958272240764, 0.8825263722510281, 0.8646341463414634, 0.6043743842364532, 0.7002522863450016, 1.0, 0.9307349002423128, 0.8373574265895677, 0.9330037627721712, 0.8709235748070701, 0.9929577464788732, 0.685449453784144, 0.7835820895522388, 0.87271240249774, 0.9493108265124839, 0.819081982303426, 0.976055921969858, 0.8346323805608908, 0.7489885575729961, 0.9865476613575984, 1.0, 0.9383454100646716, 0.7202863230015278, 0.7266666666666667, 0.9933420262367632, 0.7322557485348277, 0.9934272300469483, 0.9736764494317365, 0.9643918247372539, 0.59871072103913, 1.0, 0.754807843137255, 0.9922879768409395, 0.9928247547505498, 0.9779855985029938, 0.9513508404742597, 0.6013122807017542, 0.6006296296296296, 0.5205961173377729, 0.9370544121696928, 0.997623723931611]
random seed 9:
[0.9542279121226489, 1.0, 0.7803200592754914, 0.9985001337745629, 0.9951156816858784, 0.7291194302050472, 0.3991752155011715, 0.9122099052386912, 0.8390243902439025, 0.570103448275862, 0.6106906338694419, 1.0, 0.9627879521795601, 0.8422296578830307, 0.8752365508446558, 0.8414239482200647, 0.9859154929577465, 0.6927394894827725, 0.7798507462686568, 0.850674263608267, 0.9358473319374385, 0.8401650160139006, 0.9861050911189088, 0.8016281943154946, 0.7509091821321616, 0.9815206482205978, 1.0, 0.9334459814682545, 0.7324514086769779, 0.5483809523809524, 0.9955448869922554, 0.8344898499789941, 0.9924882629107981, 0.9819882031362394, 0.9282444120197085, 0.5690033666632481, 1.0, 0.7484, 0.9816730741933614, 0.9939799599693594, 0.9785663637581569, 0.9382930811545289, 0.6111859649122807, 0.6696666666666667, 0.6223386860445856, 0.9304383537170944, 0.9979702267185501]
random seed 21:
[0.9757547020704916, 0.9932773109243697, 0.8829762611212842, 0.9995787565263872, 0.9961770136522167, 0.631533418769716, 0.38515329117108077, 0.8645521187198284, 0.7560975609756097, 0.6383349753694582, 0.5830968148848943, 1.0, 0.8507020021581335, 0.8491969144304808, 0.8219783679959696, 0.9080159322877769, 1.0, 0.4157825515124945, 0.8208955223880597, 0.9343872337741521, 0.9444445270613242, 0.8341209033655582, 0.9867538698963887, 0.7864545312798996, 0.8013987106581067, 0.9770983897302812, 1.0, 0.9793383209674991, 0.7837593462925858, 0.551047619047619, 0.9925912754860123, 0.7735991605218696, 0.9943661971830986, 0.9850992662926197, 0.9403349616189812, 0.5618380224900859, 1.0, 0.7328705882352942, 0.9982786644355279, 0.9537114828634263, 0.9490397005116007, 0.9384136185320738, 0.4888561403508772, 0.434925925925926, 0.5209719821453598, 0.9369257974759643, 0.997771835093176]
random seed 53:
[0.9076023391812865, 1.0, 0.9193262936557628, 0.9979504753760878, 0.9965461887961119, 0.6827114550473187, 0.3395653684566493, 0.8694475236903273, 0.6658536585365854, 0.6920985221674877, 0.6012298959318827, 1.0, 0.967828309337287, 0.8418379533361492, 0.9215265204590897, 0.8981827234254419, 1.0, 0.6788707065465379, 0.8227611940298507, 0.826798561907365, 0.9405892103676914, 0.8534900169111856, 0.9998743853856369, 0.8557050586948459, 0.7666181529518301, 0.980023093357894, 1.0, 0.9671759422571414, 0.7794096967069682, 0.44342857142857145, 0.992788841473052, 0.7412938644229919, 0.9887323943661972, 0.9828441950798447, 0.9287307830573707, 0.555429748174612, 1.0, 0.7250745098039215, 0.9779555091734591, 0.9937699226568484, 0.960705326985434, 0.9398984198645597, 0.5400350877192982, 0.34162962962962967, 0.5160135396271931, 0.9165961509736354, 0.9975474501262077]
random seed 100:
[0.9359095938043307, 0.9949579831932772, 0.9171197054215466, 0.9996336748963144, 0.996657079635506, 0.7081501380126183, 0.34939228685100193, 0.8962327909887358, 0.8780487804878049, 0.7069310344827586, 0.6018606117943867, 1.0, 0.9255454630720621, 0.8361785034872462, 0.8788513311396949, 0.8146626835947225, 1.0, 0.6614991634531937, 0.8824626865671642, 0.8597729327418371, 0.9447394693220393, 0.8107019725494089, 0.9801404675072263, 0.7850878591796188, 0.7438227631236312, 0.9787593048888228, 1.0, 0.9681363764461224, 0.6007841810418506, 0.7160000000000001, 0.9944681523628893, 0.745581435146994, 0.9934272300469484, 0.9793411019997122, 0.9149802279599907, 0.5748611134077206, 1.0, 0.773937254901961, 0.970950213217698, 0.9952957819565594, 0.9121700383074156, 0.8470449166100507, 0.6106175438596491, 0.43266666666666664, 0.6088585176911283, 0.916262568194513, 0.998064932919172]

PR Output:
random seed 1[0.791213844054937, 0.7266666666666666, 0.258046953948359, 0.966101846788148, 0.9799996537643639, 0.5007170218083804, 0.188220033139831, 0.7631829463090716, 0.08172905525846702, 0.05173363110909794, 0.46384799689268075, 1.0, 0.0745901394890664, 0.7260325153561701, 0.24658450682094082, 0.49989413543554745, 0.5, 0.08171677695004494, 0.32260381582190095, 0.6642906501132504, 0.9240456547237638, 0.6174196370829256, 0.9650524001069871, 0.49000932989819274, 0.42365969846921914, 0.9724616649972346, 1.0, 0.7890708326746667, 0.7097353921114076, 0.23858748312196482, 0.9845629542347304, 0.32062097238061615, 0.7892857142857141, 0.8333005618166117, 0.9068849563984213, 0.05131743083707415, 1.0, 0.5734489429100798, 0.9687444156764555, 0.8168621917234801, 0.9304345262554622, 0.8523393722345608, 0.10191517103990928, 0.607570430133667, 0.3235582895913969, 0.5552405343628735, 0.9731202306965854]
random seed 9
[0.6653447107940157, 1.0, 0.2788225718775784, 0.9336089012958326, 0.9824851165383687, 0.6084522242548824, 0.15320482921041206, 0.8618491310671934, 0.06830484330484331, 0.05595424202004577, 0.3189591821443837, 1.0, 0.7684708389180687, 0.7311939388954167, 0.10716583446229497, 0.6366180806613864, 0.3333333333333333, 0.0846573967153607, 0.4624299930903704, 0.6407472572761963, 0.8972014672514028, 0.6406757367456755, 0.9862001176325496, 0.3877647519847205, 0.4051331805399115, 0.9705752084337715, 1.0, 0.6716948647120845, 0.7305475142077311, 0.1092629251680666, 0.9904895487865123, 0.3401440461705243, 0.7833333333333332, 0.9026936065257812, 0.9057466970715661, 0.0463450496215736, 1.0, 0.6155059084594634, 0.9609514939296131, 0.8360084535841411, 0.9029150163911857, 0.8244047189595591, 0.09177473325110114, 0.5244501444897639, 0.38861091894386923, 0.4982061754442428, 0.9743721962915451]
random seed 21[0.8285528523176081, 0.8761904761904762, 0.30054273891267663, 0.9747322856211265, 0.9935180543224982, 0.4299591081231284, 0.15045378689048142, 0.7231653767927365, 0.04629807692307693, 0.11502196858981953, 0.3790912183866721, 1.0, 0.5512695516320695, 0.7391959996349208, 0.07895327973774408, 0.7704413958898565, 1.0, 0.039692245489954134, 0.4210565476190476, 0.6595815527820716, 0.9192844907970416, 0.6580099052103217, 0.9837711736145642, 0.3537341089534111, 0.43146744252190505, 0.9635727241487982, 1.0, 0.8964237553367348, 0.7663755370997334, 0.10992808431712602, 0.9841430817455598, 0.3221967197739724, 0.8909090909090909, 0.9385852178189645, 0.9180255624717213, 0.04376913103933753, 1.0, 0.5520040444726287, 0.9348748540014602, 0.7635823507057303, 0.856427658508488, 0.8136108487912158, 0.10871438421330992, 0.4227974606379399, 0.32114835902010097, 0.5930848094089496, 0.9742666361388006]
random seed 53[0.41484840299775655, 1.0, 0.2683712048685491, 0.9609747619853267, 0.9817281469470924, 0.5383132806456357, 0.14567155244127045, 0.8075725754727833, 0.04719636524822694, 0.07819881214467156, 0.2974816824368104, 1.0, 0.5198424932960564, 0.7254003276782532, 0.1852403893631023, 0.6965625933887136, 1.0, 0.0766623106877564, 0.31558035714285715, 0.6197059126094177, 0.8992402877329224, 0.645889882587248, 0.9969994760259219, 0.5148984586004418, 0.39878541148681423, 0.9668699618070132, 1.0, 0.8912736818905042, 0.7531291133647524, 0.0909754323333024, 0.9847124217384076, 0.3123724969100456, 0.7109090909090909, 0.9126113818429196, 0.8856723588603843, 0.05433871325146209, 1.0, 0.5597322520369505, 0.9218831073109004, 0.8218399570239638, 0.8635406370883025, 0.829175756526191, 0.08061465737476244, 0.2946902274471228, 0.321004995332168, 0.5787009703817989, 0.970953321085178]
random seed 100[0.6365794885882297, 0.9028571428571428, 0.28457644080893457, 0.9321490480019744, 0.9876751336023633, 0.5347680766722958, 0.14447629750937074, 0.8219065148655951, 0.10162337662337662, 0.10888532255915123, 0.2881168842414882, 1.0, 0.656595145764444, 0.7379992707616916, 0.11219317104928901, 0.5645340568495, 1.0, 0.07820429206453317, 0.4986434435447593, 0.601180215310394, 0.9230670240457735, 0.5918598836257593, 0.9781931155092339, 0.2980132970186641, 0.3920920602313662, 0.9674171773036614, 1.0, 0.7255748344738452, 0.5683195741953012, 0.23701317785779621, 0.9881905092845698, 0.30061482714914317, 0.8509090909090908, 0.8817956206626387, 0.8933773615517102, 0.05463066286177153, 1.0, 0.6230662345550784, 0.9466393075660441, 0.8824069068345145, 0.848643610015229, 0.7187738602955899, 0.09361078606020956, 0.43795039628715415, 0.3835384669301266, 0.5272285095253942, 0.9762397799435006]

['40_vowels.npz', '45_wine.npz', '8_celeba.npz', '10_cover.npz', '16_http.npz', '12_fault.npz', '19_landsat.npz', '17_InternetAds.npz', '14_glass.npz', '36_speech.npz', '46_WPBC.npz', '43_WDBC.npz', '13_fraud.npz', '22_magic.gamma.npz', '41_Waveform.npz', '37_Stamps.npz', '21_Lymphography.npz', '44_Wilt.npz', '15_Hepatitis.npz', '34_smtp.npz', '35_SpamBase.npz', '27_PageBlocks.npz', '26_optdigits.npz', '2_annthyroid.npz', '5_campaign.npz', '32_shuttle.npz', '11_donors.npz', '3_backdoor.npz', '30_satellite.npz', '39_vertebral.npz', '4_breastw.npz', '9_census.npz', '42_WBC.npz', '6_cardio.npz', '31_satimage-2.npz', '1_ALOI.npz', '25_musk.npz', '29_Pima.npz', '28_pendigits.npz', '38_thyroid.npz', '24_mnist.npz', '7_Cardiotocography.npz', '20_letter.npz', '18_Ionosphere.npz', '47_yeast.npz', '23_mammography.npz', '33_skin.npz']