Output Training Algorithmus DevNet
random seed 1:
[0.9088667614983403, 1.0, 0.9193262936557628, 0.9979504753760878, 0.9965461887961119, 0.6827114550473187, 0.3395653684566493, 0.8694475236903273, 0.6658536585365854, 0.6920985221674877, 0.6012298959318827, 1.0, 0.967828309337287, 0.8418379533361492, 0.9215265204590897, 0.8981827234254419, 1.0, 0.6788707065465379, 0.8227611940298507, 0.826798561907365, 0.9405892103676914, 0.8534900169111856, 0.9998743853856369, 0.8557050586948459, 0.7666181529518301, 0.980023093357894, 1.0, 0.9671759422571414, 0.7794096967069682, 0.44342857142857145, 0.992788841473052, 0.7412938644229919, 0.9887323943661972, 0.9828441950798447, 0.9287307830573707, 0.555429748174612, 1.0, 0.7250745098039215, 0.9779555091734591, 0.9937699226568484, 0.960705326985434, 0.9398984198645597, 0.5400350877192982, 0.34162962962962967, 0.5160135396271931, 0.9165961509736354, 0.9975474501262077]
random seed 9:
[0.944950213371266, 1.0, 0.9193262936557628, 0.9979504753760878, 0.9965461887961119, 0.6827114550473187, 0.3395653684566493, 0.8694475236903273, 0.6658536585365854, 0.6920985221674877, 0.6012298959318827, 1.0, 0.967828309337287, 0.8418379533361492, 0.9215265204590897, 0.8981827234254419, 1.0, 0.6788707065465379, 0.8227611940298507, 0.826798561907365, 0.9405892103676914, 0.8534900169111856, 0.9998743853856369, 0.8557050586948459, 0.7666181529518301, 0.980023093357894, 1.0, 0.9671759422571414, 0.7794096967069682, 0.44342857142857145, 0.992788841473052, 0.7412938644229919, 0.9887323943661972, 0.9828441950798447, 0.9287307830573707, 0.555429748174612, 1.0, 0.7250745098039215, 0.9779555091734591, 0.9937699226568484, 0.960705326985434, 0.9398984198645597, 0.5400350877192982, 0.34162962962962967, 0.5160135396271931, 0.9165961509736354, 0.9975474501262077]
random seed 21:
[0.944950213371266, 1.0, 0.9193262936557628, 0.9979504753760878, 0.9965461887961119, 0.6827114550473187, 0.3395653684566493, 0.8694475236903273, 0.6658536585365854, 0.6920985221674877, 0.6012298959318827, 1.0, 0.967828309337287, 0.8418379533361492, 0.9215265204590897, 0.8981827234254419, 1.0, 0.6788707065465379, 0.8227611940298507, 0.826798561907365, 0.9405892103676914, 0.8534900169111856, 0.9998743853856369, 0.8557050586948459, 0.7666181529518301, 0.980023093357894, 1.0, 0.9671759422571414, 0.7794096967069682, 0.44342857142857145, 0.992788841473052, 0.7412938644229919, 0.9887323943661972, 0.9828441950798447, 0.9287307830573707, 0.555429748174612, 1.0, 0.7250745098039215, 0.9779555091734591, 0.9937699226568484, 0.960705326985434, 0.9398984198645597, 0.5400350877192982, 0.34162962962962967, 0.5160135396271931, 0.9165961509736354, 0.9975474501262077]
random seed 53:
[0.944950213371266, 1.0, 0.9193262936557628, 0.9979504753760878, 0.9965461887961119, 0.6827114550473187, 0.3395653684566493, 0.8694475236903273, 0.6658536585365854, 0.6920985221674877, 0.6012298959318827, 1.0, 0.967828309337287, 0.8418379533361492, 0.9215265204590897, 0.8981827234254419, 1.0, 0.6788707065465379, 0.8227611940298507, 0.826798561907365, 0.9405892103676914, 0.8534900169111856, 0.9998743853856369, 0.8557050586948459, 0.7666181529518301, 0.980023093357894, 1.0, 0.9671759422571414, 0.7794096967069682, 0.44342857142857145, 0.992788841473052, 0.7412938644229919, 0.9887323943661972, 0.9828441950798447, 0.9287307830573707, 0.555429748174612, 1.0, 0.7250745098039215, 0.9779555091734591, 0.9937699226568484, 0.960705326985434, 0.9398984198645597, 0.5400350877192982, 0.34162962962962967, 0.5160135396271931, 0.9165961509736354, 0.9975474501262077]
random seed 100:
[0.944950213371266, 1.0, 0.9193262936557628, 0.9979504753760878, 0.9965461887961119, 0.6827114550473187, 0.3395653684566493, 0.8694475236903273, 0.6658536585365854, 0.6920985221674877, 0.6012298959318827, 1.0, 0.967828309337287, 0.8418379533361492, 0.9215265204590897, 0.8981827234254419, 1.0, 0.6788707065465379, 0.8227611940298507, 0.826798561907365, 0.9405892103676914, 0.8534900169111856, 0.9998743853856369, 0.8557050586948459, 0.7666181529518301, 0.980023093357894, 1.0, 0.9671759422571414, 0.7794096967069682, 0.44342857142857145, 0.992788841473052, 0.7412938644229919, 0.9887323943661972, 0.9828441950798447, 0.9287307830573707, 0.555429748174612, 1.0, 0.7250745098039215, 0.9779555091734591, 0.9937699226568484, 0.960705326985434, 0.9398984198645597, 0.5400350877192982, 0.34162962962962967, 0.5160135396271931, 0.9165961509736354, 0.9975474501262077]

PR Output:
random seed 1[0.6473283870677231, 1.0, 0.2683712048685491, 0.9609747619853267, 0.9817281469470924, 0.5383132806456357, 0.14567155244127045, 0.8075725754727833, 0.04719636524822694, 0.07819881214467156, 0.2974816824368104, 1.0, 0.5198424932960564, 0.7254003276782532, 0.1852403893631023, 0.6965625933887136, 1.0, 0.0766623106877564, 0.31558035714285715, 0.6197059126094177, 0.8992402877329224, 0.645889882587248, 0.9969994760259219, 0.5148984586004418, 0.39878541148681423, 0.9668699618070132, 1.0, 0.8912736818905042, 0.7531291133647524, 0.0909754323333024, 0.9847124217384076, 0.3123724969100456, 0.7109090909090909, 0.9126113818429196, 0.8856723588603843, 0.05433871325146209, 1.0, 0.5597322520369505, 0.9218831073109004, 0.8218399570239638, 0.8635406370883025, 0.829175756526191, 0.08061465737476244, 0.2946902274471228, 0.321004995332168, 0.5787009703817989, 0.970953321085178]
random seed 9
[0.6563844592204578, 1.0, 0.2683712048685491, 0.9609747619853267, 0.9817281469470924, 0.5383132806456357, 0.14567155244127045, 0.8075725754727833, 0.04719636524822694, 0.07819881214467156, 0.2974816824368104, 1.0, 0.5198424932960564, 0.7254003276782532, 0.1852403893631023, 0.6965625933887136, 1.0, 0.0766623106877564, 0.31558035714285715, 0.6197059126094177, 0.8992402877329224, 0.645889882587248, 0.9969994760259219, 0.5148984586004418, 0.39878541148681423, 0.9668699618070132, 1.0, 0.8912736818905042, 0.7531291133647524, 0.0909754323333024, 0.9847124217384076, 0.3123724969100456, 0.7109090909090909, 0.9126113818429196, 0.8856723588603843, 0.05433871325146209, 1.0, 0.5597322520369505, 0.9218831073109004, 0.8218399570239638, 0.8635406370883025, 0.829175756526191, 0.08061465737476244, 0.2946902274471228, 0.321004995332168, 0.5787009703817989, 0.970953321085178]
random seed 21[0.6563844592204578, 1.0, 0.2683712048685491, 0.9609747619853267, 0.9817281469470924, 0.5383132806456357, 0.14567155244127045, 0.8075725754727833, 0.04719636524822694, 0.07819881214467156, 0.2974816824368104, 1.0, 0.5198424932960564, 0.7254003276782532, 0.1852403893631023, 0.6965625933887136, 1.0, 0.0766623106877564, 0.31558035714285715, 0.6197059126094177, 0.8992402877329224, 0.645889882587248, 0.9969994760259219, 0.5148984586004418, 0.39878541148681423, 0.9668699618070132, 1.0, 0.8912736818905042, 0.7531291133647524, 0.0909754323333024, 0.9847124217384076, 0.3123724969100456, 0.7109090909090909, 0.9126113818429196, 0.8856723588603843, 0.05433871325146209, 1.0, 0.5597322520369505, 0.9218831073109004, 0.8218399570239638, 0.8635406370883025, 0.829175756526191, 0.08061465737476244, 0.2946902274471228, 0.321004995332168, 0.5787009703817989, 0.970953321085178]
random seed 53[0.6563844592204578, 1.0, 0.2683712048685491, 0.9609747619853267, 0.9817281469470924, 0.5383132806456357, 0.14567155244127045, 0.8075725754727833, 0.04719636524822694, 0.07819881214467156, 0.2974816824368104, 1.0, 0.5198424932960564, 0.7254003276782532, 0.1852403893631023, 0.6965625933887136, 1.0, 0.0766623106877564, 0.31558035714285715, 0.6197059126094177, 0.8992402877329224, 0.645889882587248, 0.9969994760259219, 0.5148984586004418, 0.39878541148681423, 0.9668699618070132, 1.0, 0.8912736818905042, 0.7531291133647524, 0.0909754323333024, 0.9847124217384076, 0.3123724969100456, 0.7109090909090909, 0.9126113818429196, 0.8856723588603843, 0.05433871325146209, 1.0, 0.5597322520369505, 0.9218831073109004, 0.8218399570239638, 0.8635406370883025, 0.829175756526191, 0.08061465737476244, 0.2946902274471228, 0.321004995332168, 0.5787009703817989, 0.970953321085178]
random seed 100[0.6563844592204578, 1.0, 0.2683712048685491, 0.9609747619853267, 0.9817281469470924, 0.5383132806456357, 0.14567155244127045, 0.8075725754727833, 0.04719636524822694, 0.07819881214467156, 0.2974816824368104, 1.0, 0.5198424932960564, 0.7254003276782532, 0.1852403893631023, 0.6965625933887136, 1.0, 0.0766623106877564, 0.31558035714285715, 0.6197059126094177, 0.8992402877329224, 0.645889882587248, 0.9969994760259219, 0.5148984586004418, 0.39878541148681423, 0.9668699618070132, 1.0, 0.8912736818905042, 0.7531291133647524, 0.0909754323333024, 0.9847124217384076, 0.3123724969100456, 0.7109090909090909, 0.9126113818429196, 0.8856723588603843, 0.05433871325146209, 1.0, 0.5597322520369505, 0.9218831073109004, 0.8218399570239638, 0.8635406370883025, 0.829175756526191, 0.08061465737476244, 0.2946902274471228, 0.321004995332168, 0.5787009703817989, 0.970953321085178]

['40_vowels.npz', '45_wine.npz', '8_celeba.npz', '10_cover.npz', '16_http.npz', '12_fault.npz', '19_landsat.npz', '17_InternetAds.npz', '14_glass.npz', '36_speech.npz', '46_WPBC.npz', '43_WDBC.npz', '13_fraud.npz', '22_magic.gamma.npz', '41_Waveform.npz', '37_Stamps.npz', '21_Lymphography.npz', '44_Wilt.npz', '15_Hepatitis.npz', '34_smtp.npz', '35_SpamBase.npz', '27_PageBlocks.npz', '26_optdigits.npz', '2_annthyroid.npz', '5_campaign.npz', '32_shuttle.npz', '11_donors.npz', '3_backdoor.npz', '30_satellite.npz', '39_vertebral.npz', '4_breastw.npz', '9_census.npz', '42_WBC.npz', '6_cardio.npz', '31_satimage-2.npz', '1_ALOI.npz', '25_musk.npz', '29_Pima.npz', '28_pendigits.npz', '38_thyroid.npz', '24_mnist.npz', '7_Cardiotocography.npz', '20_letter.npz', '18_Ionosphere.npz', '47_yeast.npz', '23_mammography.npz', '33_skin.npz']