Output Training Algorithmus PreNet
random seed 1:
[0.8974395448079658, 1.0, 0.5047525525937445, 0.9891324332468447, 0.997464188196562, 0.6236623866324921, 0.854064611522417, 0.8150929733595565, 0.7097560975609756, 0.5573152709359606, 0.6412803532008831, 0.9994397759103641, 0.8941214909850049, 0.848093261696566, 0.7797707700300707, 0.955563853622106, 1.0, 0.8922089309200225, 0.8470149253731343, 0.5023377415217711, 0.8712340334618192, 0.9048455508380643, 1.0, 0.9220339848945525, 0.5704493544972904, 0.988821396267797, 1.0, 0.9487434976118635, 0.8892980727943218, 0.917142857142857, 0.920045045045045, 0.5892292502127509, 0.9633802816901409, 0.9398503812401093, 0.886060976125526, 0.5737501267413624, 1.0, 0.5971372549019608, 0.9697441787470036, 0.5909368899651586, 0.9349195457134798, 0.7936276819566505, 0.4567087719298246, 0.7578148148148148, 0.6952543351864672, 0.7512956911112421, 0.9989002761048498]
random seed 9:
[0.9740003161055792, 1.0, 0.6206692589759442, 0.9853547959313437, 0.9951532094297327, 0.6222077089905362, 0.7871045509800543, 0.8369962453066333, 0.7731707317073171, 0.5771453201970443, 0.7338379060233364, 0.9843137254901961, 0.8645056283876782, 0.8415063961691084, 0.591213375946597, 0.9144884241971621, 0.9929577464788732, 0.9135726364197586, 0.7742537313432837, 0.8537998023673864, 0.8744159399685923, 0.929445520013681, 1.0, 0.914324306446393, 0.60106008256154, 0.9861641167915052, 1.0, 0.9425447575178928, 0.8615978026483586, 0.7201904761904763, 0.9865852694800064, 0.5739008590061939, 0.7830985915492957, 0.9742483095957417, 0.9677171223751825, 0.550951480718356, 1.0, 0.584149019607843, 0.9929147349123238, 0.8888377523536534, 0.9605109035082273, 0.8003202458962503, 0.6407368421052632, 0.7605925925925926, 0.6475407399227885, 0.7229476412176363, 0.998845361102833]
random seed 21:
[0.9254623044096728, 1.0, 0.5633670988997652, 0.9755817685536825, 0.9960474277732636, 0.6808371944006308, 0.8209849767195928, 0.8411344537815126, 0.8914634146341464, 0.5311133004926107, 0.6529485966572058, 0.9943977591036415, 0.9238399242984826, 0.8236592022147509, 0.8000188925799392, 0.9500871296987802, 1.0, 0.9715645662035091, 0.8339552238805971, 0.8247650484620398, 0.8874557338758287, 0.902777572516473, 0.9986210000027607, 0.8882180048713533, 0.5980463879686253, 0.9879488656694528, 0.9998340158653357, 0.9480068655889684, 0.8502049150235578, 0.8241904761904761, 0.9066401928244033, 0.5896655525896325, 0.9624413145539906, 0.9670407135663933, 0.9619375013216606, 0.5754656867795123, 1.0, 0.5118039215686274, 0.9850237808206032, 0.8966307544046059, 0.9224668581492845, 0.8695278770080432, 0.5612842105263158, 0.7115925925925926, 0.6279978934582535, 0.7349193711890485, 0.9987238502014294]
random seed 53:
[0.9069385174648332, 1.0, 0.5486298772264074, 0.9931889962398819, 0.9977831312885256, 0.6839856072555205, 0.794082407907882, 0.778935276238155, 0.7841463414634147, 0.4851305418719212, 0.7429832860296437, 1.0, 0.8776227380218553, 0.8447142819513143, 0.7970747988727427, 0.9854368932038835, 1.0, 0.90371927815405, 0.9272388059701493, 0.8489292096797931, 0.8579017758002601, 0.8907355837948193, 0.9950202777877472, 0.8726152634948534, 0.5657442853661158, 0.9856630643364044, 1.0, 0.9502071070750064, 0.817053676164362, 0.6691428571428572, 0.9792852062588903, 0.588989102185425, 0.9680751173708921, 0.8708207452165155, 0.9526290469242319, 0.5443205281135663, 1.0, 0.6333098039215685, 0.97772859676165, 0.8909597469668142, 0.9137096326213187, 0.7588410057200465, 0.7060912280701754, 0.8408888888888889, 0.6339034303503399, 0.70040170779557, 0.9987435266945056]
random seed 100:
[0.953674727358938, 1.0, 0.6144674575971818, 0.9914207396838701, 0.986108801718506, 0.6051804022082019, 0.7965993341206398, 0.8055560522081172, 0.9695121951219512, 0.5824581280788177, 0.7477136549984232, 1.0, 0.8746422726027214, 0.8406500904418525, 0.6768770565360455, 0.9467264127458302, 1.0, 0.947278762447548, 0.8936567164179104, 0.7068063410634317, 0.8730148403048762, 0.8579422401726166, 1.0, 0.9094454228887455, 0.5803501149918552, 0.9886670709937557, 1.0, 0.9250336477024814, 0.8902147128810695, 0.8274285714285714, 0.9378161055792634, 0.579219083563609, 0.975586854460094, 0.9492555028053516, 0.932237148173994, 0.5809826231307774, 1.0, 0.600007843137255, 0.9750496308424947, 0.8236813981071931, 0.9308938360677879, 0.7958110521817265, 0.6448631578947368, 0.7627777777777778, 0.6156177136377342, 0.7719939465845015, 0.9988300169538481]

PR Output:
random seed 1
[0.7937205232180174, 1.0, 0.053440185485819816, 0.9625117875860383, 0.9894573792823137, 0.5779526412705899, 0.744406989092895, 0.7592317318611929, 0.5191244909831296, 0.09843664049270857, 0.31930760643118317, 0.9666666666666668, 0.6365497531904459, 0.830220592245474, 0.5309693567415155, 0.9111944021753839, 1.0, 0.7170590108166632, 0.4833706990683735, 0.0049154419149073075, 0.8863990303247538, 0.7730004296232328, 1.0, 0.718037846602735, 0.2763686625181384, 0.9819883240279853, 1.0, 0.8894621697155154, 0.8621942835250328, 0.6357959189163567, 0.933293148346674, 0.21139275261067778, 0.48214285714285715, 0.9086310041929669, 0.8422262341350979, 0.08275611131551, 1.0, 0.48819828137666865, 0.9656289398264172, 0.4982274590438262, 0.8941652294021244, 0.7000276624540397, 0.10475541574684678, 0.790343629014708, 0.5386575240752279, 0.3133503704391713, 0.9816815841656086]
random seed 9
[0.8419608443912293, 1.0, 0.06389787575239413, 0.9730457567177687, 0.8222390811936658, 0.5703261000828661, 0.6717215477460937, 0.7880773286877004, 0.48472222222222217, 0.12144952823703752, 0.47377216548992546, 0.8303030303030303, 0.60946199476634, 0.8310904864140289, 0.12056620153599813, 0.7065917245249538, 0.5, 0.7513286168211128, 0.6262380593262946, 0.12686666847635628, 0.8862915055585046, 0.8387257091908694, 0.9999999999999999, 0.7480226830174052, 0.29717532568793914, 0.9797607193526581, 1.0, 0.8853787803224302, 0.8485491075704493, 0.5575735365233405, 0.9782379012017419, 0.19908464138086626, 0.41740273887332713, 0.9398458634976743, 0.8507700368865543, 0.05591439348322074, 1.0, 0.4874006106422549, 0.9885005825561203, 0.6869969501406821, 0.9276649465364941, 0.7412666794243443, 0.27222262068433895, 0.7731693367841062, 0.4699914869251169, 0.34545415544691777, 0.981891220380778]
random seed 21
[0.828073548761418, 1.0, 0.06398999188149695, 0.9629613752389908, 0.9904570935309908, 0.6484650755018025, 0.729938872311398, 0.784798365302779, 0.45476190476190476, 0.04780926526278598, 0.4480319932210575, 0.8314285714285714, 0.34964300226756734, 0.8043217067693708, 0.3586718239125591, 0.8232211458991749, 1.0, 0.8351080080618439, 0.7411678403755868, 0.11871684266923127, 0.8996882958755381, 0.7989970598591855, 0.9891184109231994, 0.7145960186062842, 0.2926375538294424, 0.9806189389438347, 0.9995904995189604, 0.9000021095418544, 0.8317886548444049, 0.5030688082732395, 0.9203984179234916, 0.21022953239570846, 0.30547619047619046, 0.9281722282285607, 0.9097309041261203, 0.07214641668583545, 1.0, 0.40037045317044606, 0.9639299433144515, 0.7115371779077986, 0.869176951446228, 0.8180821911087403, 0.17216078343571953, 0.7475004657226847, 0.49234642567854014, 0.44943939258545174, 0.9801916360236654]
random seed 53
[0.8157339647753069, 1.0, 0.05940675365543035, 0.9819663951938137, 0.9871219484674387, 0.6409610161699983, 0.6532712259919025, 0.6699735637607326, 0.655586592178771, 0.14079191557887605, 0.6128169812745521, 1.0, 0.6006615099588144, 0.8256854469977797, 0.48349037321995153, 0.8377555084673811, 1.0, 0.7422686880585171, 0.567886396011396, 0.2943650487053406, 0.8739300449226279, 0.7566211172648188, 0.9870884357323784, 0.6912417737273293, 0.2618673815072783, 0.9795285303870693, 1.0, 0.908999922705792, 0.7908257747352022, 0.2973226489725627, 0.9759891723762687, 0.20283319168569372, 0.5149999999999999, 0.8294437681863468, 0.6972813682656542, 0.07187018607906295, 1.0000000000000002, 0.5214325649228269, 0.9676822712433973, 0.8094169607176707, 0.8740034062996012, 0.7027854866550949, 0.47529754499908433, 0.863064342581346, 0.4845447806070151, 0.3378571414655412, 0.9818264745445793]
random seed 100
[0.7523357140353273, 1.0, 0.06653489611196281, 0.9676385332068351, 0.9820068096335899, 0.55992905849231, 0.7078139335800495, 0.7266657723387542, 0.6088235294117648, 0.1219770162181026, 0.5364220454025954, 1.0, 0.5376530850373489, 0.8231195700633516, 0.3849947926514111, 0.8800611396212995, 1.0, 0.8114474665922379, 0.5313179875679875, 0.051065871146370075, 0.8898294767205523, 0.6591527788129273, 0.9999999999999999, 0.7139681567218636, 0.2956857642896512, 0.9839023982562632, 1.0, 0.9070626254075347, 0.8665377321755661, 0.5779700090584606, 0.9387435594332008, 0.21277282822523416, 0.5736796536796536, 0.9049794735275152, 0.9002328930896775, 0.07218751535522214, 1.0000000000000002, 0.5088379533938711, 0.9428037067848815, 0.6591172134540624, 0.8963156686500501, 0.7134234756137974, 0.3387906034194631, 0.7850075654834563, 0.447305766401686, 0.3791126471846269, 0.9805322842172436]

['40_vowels.npz', '45_wine.npz', '8_celeba.npz', '10_cover.npz', '16_http.npz', '12_fault.npz', '19_landsat.npz', '17_InternetAds.npz', '14_glass.npz', '36_speech.npz', '46_WPBC.npz', '43_WDBC.npz', '13_fraud.npz', '22_magic.gamma.npz', '41_Waveform.npz', '37_Stamps.npz', '21_Lymphography.npz', '44_Wilt.npz', '15_Hepatitis.npz', '34_smtp.npz', '35_SpamBase.npz', '27_PageBlocks.npz', '26_optdigits.npz', '2_annthyroid.npz', '5_campaign.npz', '32_shuttle.npz', '11_donors.npz', '3_backdoor.npz', '30_satellite.npz', '39_vertebral.npz', '4_breastw.npz', '9_census.npz', '42_WBC.npz', '6_cardio.npz', '31_satimage-2.npz', '1_ALOI.npz', '25_musk.npz', '29_Pima.npz', '28_pendigits.npz', '38_thyroid.npz', '24_mnist.npz', '7_Cardiotocography.npz', '20_letter.npz', '18_Ionosphere.npz', '47_yeast.npz', '23_mammography.npz', '33_skin.npz']