Output Training Algorithmus RoSas
random seed 1:
[0.9998840480482801, 0.6018779342723004, 0.9788732394366197, 0.9308008135816931, 0.9992693594847861, 0.6113790130984169, 0.9791920318756959, 0.9097142857142858, 0.9999999482822034, 1.0, 0.9065465493436191, 0.549396551724138, 0.864095279841819, 0.979960454150972, 0.9998964925828385, 0.7749921160517187, 0.9931540950958426, 0.9799768362663037, 0.9693284718073012, 0.9507179259447229, 0.9919408262029357, 0.9927568015023845, 0.7095843137254901, 0.976816443542581, 0.667910447761194, 0.9063459990723546, 0.9962138290757854, 0.9883101087243221, 0.727480530362776, 0.6583643722633007, 0.9526545020262377, 0.9356318258066051, 0.8159012547821842, 0.9061800464866797, 0.9805855272622644, 0.7950893649732893, 0.9873399715504978, 0.8711794473581446, 0.934453781512605, 1.0, 0.5713401301092171, 0.7667777777777778, 0.7102315789473684, 0.8082284768775386, 0.9268292682926829, 0.8849536510823167, 0.799174174174174]
random seed 9:
[0.9999903373373568, 0.7258215962441315, 0.9788732394366197, 0.9454056170293099, 0.999135353693213, 0.8643857620419233, 0.9981017327311658, 0.8142857142857143, 0.9999983141728638, 1.0, 0.9358782243748494, 0.5840098522167487, 0.8664002906353716, 0.9666410185292881, 0.9996874044896077, 0.7811415957111322, 0.9910380881254668, 0.9684563928833829, 0.974984112775018, 0.9427641734864344, 0.9832852280512514, 0.9932262966715264, 0.6625960784313725, 0.9599176123707791, 0.1623134328358209, 0.9018975177471142, 0.996206240675577, 0.9802691333091557, 0.7377575414037855, 0.6767371537053474, 0.9486006327098074, 0.9266534363995431, 0.7937402585134687, 0.9086232790988735, 0.9760502086030788, 0.878175939711955, 0.9752173225857437, 0.8892891058478961, 0.7092436974789916, 1.0, 0.5709988910693844, 0.8596296296296297, 0.6166315789473684, 0.8543082598804436, 0.8560975609756099, 0.8594452697435933, 0.8811640587956378]
random seed 21:
[0.9997473903908962, 0.9971830985915493, 1.0, 0.9312759950903279, 0.9991766709411243, 0.8236170973235498, 0.9857524995351794, 0.8041904761904762, 0.9999999703439773, 0.9994397759103641, 0.9242888294724845, 0.6420098522167489, 0.8464089880210238, 0.9890291583533896, 0.9997740364177596, 0.7997477136549984, 0.9876773711725167, 0.9868654188253471, 0.9694095441580404, 0.9870133646302522, 0.9909449586752765, 0.9778595962341546, 0.6470274509803922, 0.9466617434503249, 0.16044776119402987, 0.906921846743302, 0.9966726285938027, 0.9867807636047964, 0.722661179022082, 0.6352157718819147, 0.9004429224176687, 0.9123519588131721, 0.773925090920541, 0.8064616484891829, 0.9605668249172781, 0.7909362593732129, 0.9156314208945788, 0.8981143071785962, 0.32605042016806723, 1.0, 0.6198142585536579, 0.7297777777777777, 0.7476421052631579, 0.830307891081913, 0.9182926829268292, 0.779688066291787, 0.8278212422949265]
random seed 53:
[0.9999047537539444, 0.6657276995305166, 1.0, 0.9544330050151437, 0.9992092674204003, 0.9778306666946996, 0.9860813725901802, 0.8304761904761905, 0.9999997924078405, 1.0, 0.9149718380854283, 0.6323546798029557, 0.8453162904184677, 0.9871440202560638, 0.9998293557800328, 0.6348155156102177, 0.9835698282300225, 0.9713365037291132, 0.9583524578223207, 0.9625494301000234, 0.9866354775544315, 0.9955614173812054, 0.673913725490196, 0.9755390213909394, 0.6791044776119404, 0.9000367903387663, 0.997142752404591, 0.9897692910472219, 0.6879017152996845, 0.6618851849806971, 0.9425917195490555, 0.9130444534992543, 0.8566651447643938, 0.8119560164491328, 0.9793554884189325, 0.7955806582774303, 0.987087087087087, 0.890426685926386, 0.5378151260504201, 1.0, 0.591763194738463, 0.9213703703703704, 0.6023157894736842, 0.8841460565938671, 0.921951219512195, 0.8507729910427141, 0.8068693693693693]
random seed 100:
[0.9999986196196223, 0.7821596244131457, 1.0, 0.9342821494551375, 0.9992150083340273, 0.9347293063936253, 0.9950019292553075, 0.9104761904761905, 1.0, 1.0, 0.9351782857393325, 0.669566502463054, 0.8770538245753737, 0.9898138124166809, 0.9998508700675118, 0.7026174708293912, 0.9651481204879263, 0.9867461155564375, 0.8678917599667264, 0.9498535600245301, 0.995468827893824, 0.9967753094961576, 0.580078431372549, 0.9727627412729998, 0.5, 0.9076964500462547, 0.9962442849779364, 0.9835299377748711, 0.7911881407728706, 0.6627282263852847, 0.940071037435756, 0.9405638056771676, 0.8341593589117875, 0.7094814947255498, 0.9774133218241979, 0.903561774526952, 0.9983562509878299, 0.887564927580126, 0.9277310924369748, 1.0, 0.6005898133974825, 0.9174074074074074, 0.8619017543859651, 0.826216764430248, 0.825609756097561, 0.9179589206614376, 0.807748538011696]

PR Output:
random seed 1
[0.9974122793506054, 0.5283430245079037, 0.25, 0.29142368169839894, 0.9899858722864927, 0.3011023144823299, 0.9653845452457961, 0.7063732813279291, 0.9999991554962085, 1.0, 0.8398336728394739, 0.04010854836785044, 0.5024230954853556, 0.8932686120404411, 0.9937369813105758, 0.5274705786479779, 0.8597145041280103, 0.8355141681200043, 0.8233913273882008, 0.8382747020779813, 0.9554810971164387, 0.788289831700444, 0.5508903550472553, 0.9116997316324096, 0.4397135054719029, 0.8703295281072768, 0.9957195127259959, 0.9425170462322864, 0.6415377047259396, 0.4763729976459309, 0.7364957375567401, 0.9341356528888315, 0.29027744378656445, 0.8725612422806254, 0.946779417365877, 0.49998740247042994, 0.8738039703702388, 0.4941248829437174, 0.355, 1.0, 0.08276676624732103, 0.7799071846310243, 0.4225095339294557, 0.6113177069356366, 0.3508771929824561, 0.8624851944180862, 0.8198224432451165]
random seed 9
[0.9996736596736595, 0.33629566728158283, 0.25, 0.3080619096740955, 0.989015422092223, 0.44584369523354817, 0.981589136194, 0.38377074709980413, 0.9999729622400094, 1.0, 0.8571185710953098, 0.1858488431371732, 0.5046240649329092, 0.8643008193346843, 0.9933368271303132, 0.6281797595582153, 0.8365545677210275, 0.7809769798735062, 0.8718209349030922, 0.8151765613275239, 0.8435467555814752, 0.8176498671457757, 0.5144747781742447, 0.9001142434663201, 0.0736214590998173, 0.8689421632363483, 0.9957077113249365, 0.9787545244973214, 0.6242883191473566, 0.4915055303647697, 0.6242330113763093, 0.9332113116877433, 0.34366940639027627, 0.8683025900600845, 0.9266269264437998, 0.48426755282843287, 0.8543333877069061, 0.49095368187791316, 0.07489412484700123, 1.0000000000000002, 0.06246767217086045, 0.847575778861583, 0.4012040446993162, 0.6906618819958129, 0.07465666428514725, 0.8266491352678191, 0.8853991369539389]
random seed 21
[0.995955568151306, 0.925, 1.0, 0.27706977644446884, 0.9883555067369694, 0.6432841520456541, 0.9768277958852563, 0.45220754221707793, 0.9999995142421507, 0.9666666666666668, 0.8594237299670824, 0.2272580976256362, 0.4764673679983118, 0.9324606760541231, 0.9929296546720718, 0.5818156458386972, 0.8698541431101541, 0.8201117577373231, 0.8331385472072477, 0.8922519455799194, 0.9549665365027328, 0.88250896876758, 0.522752795482618, 0.8737406084353385, 0.06912087346129037, 0.8740275512921771, 0.9961823226674345, 0.9796633379300415, 0.5888797603069056, 0.44493089738675157, 0.4808421054760272, 0.9184222983190221, 0.21199118217473054, 0.7458128814793142, 0.8966496888424048, 0.39877125030796756, 0.7248242691433185, 0.5040634514247561, 0.03434887822484722, 1.0, 0.08613094637815477, 0.7537995322310159, 0.4722198192556707, 0.5720060432139752, 0.2181818181818182, 0.7968257348205114, 0.8429355535395087]
random seed 53
[0.9968656253292767, 0.1725661033317238, 1.0, 0.32567711211068195, 0.9894543317582398, 0.47968990539028716, 0.9800571977485254, 0.4201256857498871, 0.9999966220012001, 1.0, 0.8247889475326184, 0.1684989181474355, 0.4680529316374187, 0.9167597767228789, 0.9944237780802073, 0.41671015988390525, 0.7598348082136278, 0.77610800927903, 0.8406044884279887, 0.8888000273289526, 0.9472784919197202, 0.8843565218720808, 0.543000403524704, 0.9291771552396513, 0.20689748686555962, 0.862650268392636, 0.9955894280608037, 0.9833467307585421, 0.6002468131022067, 0.49589346382380683, 0.6641915209147238, 0.9208484479120513, 0.45005114948341046, 0.7688709684199497, 0.8962768175125476, 0.40589412497287103, 0.8651220909917107, 0.485153186390584, 0.04891548626139419, 1.0, 0.07019659147979587, 0.9067890384615788, 0.33133661100987943, 0.7316829729868858, 0.21911881977671452, 0.8264864726808169, 0.8180415317813567]
random seed 100
[0.9999514374514373, 0.49792048929663607, 1.0, 0.2916286927991104, 0.9884326395945561, 0.4942617525701673, 0.9876446840992665, 0.6721937660010255, 1.0, 1.0, 0.8742548286928536, 0.21303205297912248, 0.513870533918935, 0.9322575325326931, 0.9911892827142489, 0.4823469845158931, 0.8216323070648505, 0.830797798423566, 0.7106143472311965, 0.9002983826158436, 0.9573004791191858, 0.8962294467018008, 0.4710929377714605, 0.9288997633530094, 0.27344743787117004, 0.8695601994010238, 0.9957165786514985, 0.9786719613422884, 0.7026754878746193, 0.48527819810795186, 0.6021555855249827, 0.9411236682102495, 0.44363049299192636, 0.6759571967668331, 0.9383798923024073, 0.524226002591771, 0.9647296146754853, 0.49194270538687024, 0.2819071669071669, 1.0000000000000002, 0.10212658303802748, 0.9203716101493423, 0.5918180673651128, 0.5820611136408802, 0.48923505572441744, 0.8804540775172857, 0.8264663533383202]

['26_optdigits.npz', '42_WBC.npz', '21_Lymphography.npz', '8_celeba.npz', '33_skin.npz', '34_smtp.npz', '28_pendigits.npz', '39_vertebral.npz', '11_donors.npz', '43_WDBC.npz', '7_Cardiotocography.npz', '36_speech.npz', '5_campaign.npz', '44_Wilt.npz', '10_cover.npz', '46_WPBC.npz', '37_Stamps.npz', '2_annthyroid.npz', '27_PageBlocks.npz', '31_satimage-2.npz', '3_backdoor.npz', '38_thyroid.npz', '29_Pima.npz', '24_mnist.npz', '15_Hepatitis.npz', '22_magic.gamma.npz', '16_http.npz', '32_shuttle.npz', '12_fault.npz', '47_yeast.npz', '13_fraud.npz', '35_SpamBase.npz', '41_Waveform.npz', '17_InternetAds.npz', '6_cardio.npz', '23_mammography.npz', '40_vowels.npz', '9_census.npz', '45_wine.npz', '25_musk.npz', '1_ALOI.npz', '18_Ionosphere.npz', '20_letter.npz', '19_landsat.npz', '14_glass.npz', '30_satellite.npz', '4_breastw.npz']